"","rs1387412","rs1489360","rs11774323","rs16881260","rs7009162","rs923433","rs1489361","rs6469328","rs16881313","rs2171707","rs6996166","rs10088693","rs931410","rs6469329","rs6469330","rs11991405","rs11785408","rs1546013","rs4448249","rs1489354","rs10113434","rs7388152","rs10955548","rs4289849","rs12546759","rs7463960","rs10955554","rs7388644","rs13269197","rs6469334","rs7819770","rs6469336","rs4876347","rs9649932","rs10095358","rs6469337","rs11779737","rs4493937","rs10106643","rs12681879","rs1427188","rs2114555","rs2052801","rs13278392","rs4876280","rs10104030","rs1896238","rs13264102","rs4352877","rs12543233","rs1365727","rs10091361","rs11781492","rs1427169","rs16881541","rs9693916","rs10111397","rs10102552","rs1549550","rs1427171","rs3906482","rs4515575","rs1365732","rs17586873","rs7017740","rs2351551","rs2217144","rs1593667","rs3021375","rs890564","rs890565","rs2512404","rs1427190","rs1427193","rs960209","rs1863663","rs2433665","rs2195066","rs1427181","rs17516585","rs41481550","rs7843740","rs16881787","rs4074825","rs12676370","rs4332164","rs12678842","rs4593575","rs7009852","rs4501609","rs13250058","rs9643057","rs4504665","rs12675941","rs10104559","rs4588886","rs10102107","rs10110311","rs4288405","rs4876333"
"rs1387412",0.997955010224952,0.498150348687957,0.916987356674028,0.498150348687957,0.48225212309059,0.992618003724829,0.496437395358015,0.496437395358015,0.496437395358015,0.992618003724829,0.498150348687957,0.995280938897742,0.995280938897742,0.483981317738842,0.995280938897742,0.487472261805682,0.992603241968622,0.480316281735149,0.480316281735149,0.480316281735149,0.896689382011213,0.480316281735149,0.568384154005867,0.697000396345834,0.566410400579342,0.465852177260517,0.480316281735149,0.480316281735149,0.896689382011213,0.480316281735149,0.896702796816812,0.480316281735149,0.899206570230911,0.480316281735149,0.896689382011213,0.480316281735149,0.465852177260517,0.264027434960379,0.190522824892314,0.110421558100777,0.189643954053717,0.0982582582175508,0.366158124900836,0.116888936458817,0.102151591547962,0.102151591547962,0.043107258108414,0.153854058349274,0.144838347879578,0.183285459670678,0.155755737650544,0.155755737650544,-0.142535940134178,0.144838347879578,0.15861628650104,0.195924549742191,0.15861628650104,0.144838347879578,0.14089695661815,0.129806863789619,0.133201783541062,0.133201783541062,0.133201783541062,-0.152007757058963,0.129806863789619,0.129806863789619,0.14089695661815,0.14089695661815,0.14089695661815,0.14089695661815,0.129806863789619,0.129806863789619,0.133201783541062,0.13272705875602,0.14089695661815,0.14089695661815,0.14089695661815,0.141381916120201,0.156521940697829,-0.198691240711262,0.199404599620738,0.0372773692920951,0.0372773692920951,0.199404599620738,0.0227644462578499,0.240664577383016,0.0227644462578499,0.189643954053717,0.202854652902585,0.159358426126651,0.312689489840142,-0.0528919985040894,0.312150919693614,-0.0567873049559857,0.24469451050353,0.310130637868952,0.231147928436653,0.228360185453647,0.297081784649637,0.25288215484999
"rs1489360",0.498150348687957,0.997955010224954,0.529957643373683,0.997955010224954,0.968111210189726,0.491711979363054,0.9905264707814,0.9905264707814,0.9905264707814,0.491711979363054,0.983118575833613,0.490470001540349,0.490470001540349,0.960523397901408,0.490470001540349,0.97561000600522,0.485409068720439,0.968282141442272,0.968282141442272,0.968282141442272,0.501868772833059,0.968282141442272,-0.0978570064808275,-0.109981816091205,-0.0963829467515114,0.945441487309179,0.968282141442272,0.968282141442272,0.501868772833059,0.968282141442272,0.505393944477104,0.968282141442272,0.500482547879707,0.968282141442272,0.501868772833059,0.968282141442272,0.945441487309179,0.117705450248029,0.283968992075644,0.227359418977882,0.280165979620075,0.207467063052543,0.0537322351667125,0.227359418977882,0.213005091251387,0.213005091251387,0.120998225885294,0.206816935856293,0.204662032865378,-0.0782183426549292,0.220450087572518,0.220450087572518,-0.0739367703525621,0.204662032865378,0.218719603277402,0.284359474496394,0.218719603277402,0.204662032865378,0.225689441032616,0.209920025565609,0.211689185688517,0.211689185688517,0.211689185688517,-0.100555615776492,0.209920025565609,0.209920025565609,0.225689441032616,0.225689441032616,0.225689441032616,0.225689441032616,0.209920025565609,0.209920025565609,0.211689185688517,0.218647597253418,0.225689441032616,0.225689441032616,0.225689441032616,0.229223575600463,0.210373039042425,0.0176207973738411,0.296406041738877,0.0285970866865492,0.0285970866865492,0.296406041738877,0.00751451374088989,-0.134823735014332,0.00751451374088989,0.280165979620075,0.292183771821333,0.208695530846435,0.0746504162155729,0.013157930163103,0.0776695819007927,0.0149839781923311,0.0864191564230519,0.0673936200631753,0.0745619198991299,0.0606570409654232,0.0663922751446746,0.0658161277457064
"rs11774323",0.916987356674028,0.529957643373683,0.99795501022495,0.529957643373683,0.511338824051042,0.910764754605517,0.5276702867253,0.5276702867253,0.5276702867253,0.910764754605517,0.529957643373683,0.91387091760098,0.91387091760098,0.513658235011367,0.91387091760098,0.5276702867253,0.915694846193203,0.520653130677657,0.520653130677657,0.520653130677657,0.81233330282381,0.520653130677657,0.626272510001347,0.571498286633891,0.623846978828406,0.504199774515789,0.520653130677657,0.520653130677657,0.81233330282381,0.520653130677657,0.813756904428454,0.520653130677657,0.815323500576447,0.520653130677657,0.81233330282381,0.520653130677657,0.504199774515789,0.299587907047389,0.207340523119964,0.123265448446282,0.204778703594667,0.103835461604157,0.327851497571094,0.123265448446282,0.106688271254787,0.106688271254787,0.0579230258986035,0.160684378362449,0.147389042223562,0.217731549489755,0.159588021507728,0.159588021507728,-0.133750658734439,0.147389042223562,0.16296125743821,0.210770563848336,0.16296125743821,0.147389042223562,0.149433121382418,0.137104194838111,0.140257746800829,0.140257746800829,0.140257746800829,-0.139896413697513,0.137104194838111,0.137104194838111,0.149433121382418,0.149433121382418,0.149433121382418,0.149433121382418,0.137104194838111,0.137104194838111,0.140257746800829,0.14053915444369,0.149433121382418,0.149433121382418,0.149433121382418,0.149170021548922,0.168738685314984,-0.187803215288513,0.214963486554165,0.0401906327108708,0.0401906327108708,0.214963486554165,0.0241344685573863,0.234234655990823,0.0241344685573863,0.204778703594666,0.219118242438826,0.172072160402142,0.317320803806779,-0.05292514267248,0.313200184458919,-0.049517061984774,0.251279386169048,0.305043906321551,0.230306097092472,0.226434285273586,0.291687391168748,0.213760159633666
"rs16881260",0.498150348687957,0.997955010224954,0.529957643373683,0.997955010224954,0.968111210189726,0.491711979363054,0.9905264707814,0.9905264707814,0.9905264707814,0.491711979363054,0.983118575833613,0.490470001540349,0.490470001540349,0.960523397901408,0.490470001540349,0.97561000600522,0.485409068720439,0.968282141442272,0.968282141442272,0.968282141442272,0.501868772833059,0.968282141442272,-0.0978570064808275,-0.109981816091205,-0.0963829467515114,0.945441487309179,0.968282141442272,0.968282141442272,0.501868772833059,0.968282141442272,0.505393944477104,0.968282141442272,0.500482547879707,0.968282141442272,0.501868772833059,0.968282141442272,0.945441487309179,0.117705450248029,0.283968992075644,0.227359418977882,0.280165979620075,0.207467063052543,0.0537322351667125,0.227359418977882,0.213005091251387,0.213005091251387,0.120998225885294,0.206816935856293,0.204662032865378,-0.0782183426549292,0.220450087572518,0.220450087572518,-0.0739367703525621,0.204662032865378,0.218719603277402,0.284359474496394,0.218719603277402,0.204662032865378,0.225689441032616,0.209920025565609,0.211689185688517,0.211689185688517,0.211689185688517,-0.100555615776492,0.209920025565609,0.209920025565609,0.225689441032616,0.225689441032616,0.225689441032616,0.225689441032616,0.209920025565609,0.209920025565609,0.211689185688517,0.218647597253418,0.225689441032616,0.225689441032616,0.225689441032616,0.229223575600463,0.210373039042425,0.0176207973738411,0.296406041738877,0.0285970866865492,0.0285970866865492,0.296406041738877,0.00751451374088989,-0.134823735014332,0.00751451374088989,0.280165979620075,0.292183771821333,0.208695530846435,0.0746504162155729,0.013157930163103,0.0776695819007927,0.0149839781923311,0.0864191564230519,0.0673936200631753,0.0745619198991299,0.0606570409654232,0.0663922751446746,0.0658161277457064
"rs7009162",0.48225212309059,0.968111210189726,0.511338824051042,0.968111210189726,0.997955010224951,0.484638338759485,0.975360373731408,0.975360373731408,0.975360373731408,0.484638338759485,0.968111210189726,0.483442621991811,0.483442621991811,0.990277534673572,0.483442621991811,0.960111109967151,0.478097129419318,0.952943762356111,0.952943762356111,0.952943762356111,0.502396105610147,0.952943762356111,-0.0890468420518252,-0.0984224655942984,-0.0876114386309864,0.974859133856704,0.952943762356111,0.952943762356111,0.502396105610147,0.952943762356111,0.506215266560627,0.952943762356111,0.501057374650023,0.952943762356111,0.502396105610147,0.952943762356111,0.974859133856704,0.120266549788453,0.266395578142079,0.20237691415805,0.261631963883473,0.192890658523615,0.0298642953862588,0.191376212621447,0.198193183829468,0.198193183829468,0.11291272596807,0.173478707321221,0.191054426611845,-0.074009229362116,0.186367007750668,0.186367007750668,-0.0725827877231852,0.191054426611845,0.184732315140794,0.26561540751651,0.184732315140794,0.191054426611845,0.191314174478444,0.196094130604141,0.19778966890633,0.19778966890633,0.19778966890633,-0.0927445477946952,0.196094130604141,0.196094130604141,0.191314174478444,0.191314174478444,0.191314174478444,0.191314174478444,0.196094130604141,0.196094130604141,0.19778966890633,0.194406497714803,0.191314174478444,0.191314174478444,0.191314174478444,0.194649407395257,0.176999289055969,0.0293861230108414,0.261631963883473,0.014784687226692,0.014784687226692,0.261631963883473,0.0182354514759906,-0.125866716997826,0.0182354514759906,0.261631963883473,0.25772209464824,0.175412549818239,0.0536624103486836,0.0246346982313145,0.0644515145537395,0.026429991672807,0.0650606535082687,0.0540430517482659,0.0614130085837841,0.0469975113918781,0.0530165732121907,0.0455429378937359
"rs923433",0.992618003724829,0.491711979363054,0.910764754605517,0.491711979363054,0.484638338759485,0.99795501022494,0.498892414570921,0.498892414570921,0.498892414570921,0.99795501022494,0.500628327414693,0.995281144024088,0.995281144024088,0.486390805364884,0.995281144024088,0.489927970140658,0.992582030764314,0.482795631311416,0.482795631311416,0.482795631311416,0.901714635669264,0.482795631311416,0.571571769507582,0.701065707400145,0.569577138890137,0.468263058417479,0.482795631311416,0.482795631311416,0.901714635669264,0.482795631311416,0.901742322957463,0.482795631311416,0.904253070579351,0.482795631311416,0.901714635669264,0.482795631311416,0.468263058417479,0.273331895484888,0.183480597109428,0.108045847964567,0.182344383288251,0.0958647501429932,0.368306187823509,0.114512729195249,0.0996667973029425,0.0996667973029425,0.0426486994225331,0.151937806990876,0.142628772198601,0.185021500560839,0.153617787684829,0.153617787684829,-0.150959617462212,0.142628772198601,0.156506156404591,0.188535255506003,0.156506156404591,0.142628772198601,0.138675396159964,0.127512274878576,0.130877979811585,0.130877979811585,0.130877979811585,-0.149040735041036,0.127512274878576,0.127512274878576,0.138675396159964,0.138675396159964,0.138675396159964,0.138675396159964,0.127512274878576,0.127512274878576,0.130877979811585,0.130461082362755,0.138675396159964,0.138675396159964,0.138675396159964,0.139103269339212,0.154537200945805,-0.199911899301787,0.192104278584656,0.0404185009805924,0.0404185009805924,0.192104278584656,0.0258646270003142,0.244162970177051,0.0258646270003142,0.182344383288251,0.195641545057671,0.157400787843944,0.313656156059989,-0.0496008493751675,0.310688274129288,-0.0535168710399941,0.245669536335621,0.308677458739171,0.232046189330802,0.229192889839993,0.295645590467656,0.255870584566425
"rs1489361",0.496437395358015,0.9905264707814,0.5276702867253,0.9905264707814,0.975360373731408,0.498892414570921,0.997955010224942,0.997955010224942,0.997955010224942,0.498892414570921,0.9905264707814,0.497662219267571,0.497662219267571,0.967751208833808,0.497662219267571,0.982958083365692,0.492580015854933,0.97561000600522,0.97561000600522,0.97561000600522,0.508837056699689,0.97561000600522,-0.0956819838049983,-0.107129763706157,-0.0942175627238947,0.952587943714139,0.97561000600522,0.97561000600522,0.508837056699689,0.97561000600522,0.512393183076668,0.97561000600522,0.507461288206269,0.97561000600522,0.508837056699689,0.97561000600522,0.952587943714139,0.126140226337877,0.271615439364389,0.221196398804392,0.267419755336696,0.201138264009974,0.0518507448969826,0.221196398804392,0.206605713157641,0.206605713157641,0.116728406008571,0.201180801812094,0.198668411697942,-0.0771763405633631,0.214653776103116,0.214653776103116,-0.0709992094655754,0.198668411697942,0.2129438047548,0.271506251884712,0.2129438047548,0.198668411697942,0.219830708658568,0.203861821367608,0.20560913267385,0.20560913267385,0.20560913267385,-0.0986259878698924,0.203861821367608,0.203861821367608,0.219830708658568,0.219830708658568,0.219830708658568,0.219830708658568,0.203861821367608,0.203861821367608,0.20560913267385,0.212667656134003,0.219830708658568,0.219830708658568,0.219830708658568,0.223322474578584,0.204718221592123,0.0166820310995801,0.283747419259737,0.0313811948268747,0.0313811948268747,0.283747419259737,0.0101497114521064,-0.132609233761604,0.0101497114521064,0.267419755336696,0.279629138289263,0.203060294284272,0.0716162135275883,0.0159784438031375,0.0719401596690018,0.0177967638119615,0.083345544666241,0.0616485606147895,0.0713222846839634,0.0572931321719254,0.0606270726339834,0.0647564137909333
"rs6469328",0.496437395358015,0.9905264707814,0.5276702867253,0.9905264707814,0.975360373731408,0.498892414570921,0.997955010224942,0.997955010224942,0.997955010224942,0.498892414570921,0.9905264707814,0.497662219267571,0.497662219267571,0.967751208833808,0.497662219267571,0.982958083365692,0.492580015854933,0.97561000600522,0.97561000600522,0.97561000600522,0.508837056699689,0.97561000600522,-0.0956819838049983,-0.107129763706157,-0.0942175627238947,0.952587943714139,0.97561000600522,0.97561000600522,0.508837056699689,0.97561000600522,0.512393183076668,0.97561000600522,0.507461288206269,0.97561000600522,0.508837056699689,0.97561000600522,0.952587943714139,0.126140226337877,0.271615439364389,0.221196398804392,0.267419755336696,0.201138264009974,0.0518507448969826,0.221196398804392,0.206605713157641,0.206605713157641,0.116728406008571,0.201180801812094,0.198668411697942,-0.0771763405633631,0.214653776103116,0.214653776103116,-0.0709992094655754,0.198668411697942,0.2129438047548,0.271506251884712,0.2129438047548,0.198668411697942,0.219830708658568,0.203861821367608,0.20560913267385,0.20560913267385,0.20560913267385,-0.0986259878698924,0.203861821367608,0.203861821367608,0.219830708658568,0.219830708658568,0.219830708658568,0.219830708658568,0.203861821367608,0.203861821367608,0.20560913267385,0.212667656134003,0.219830708658568,0.219830708658568,0.219830708658568,0.223322474578584,0.204718221592123,0.0166820310995801,0.283747419259737,0.0313811948268747,0.0313811948268747,0.283747419259737,0.0101497114521064,-0.132609233761604,0.0101497114521064,0.267419755336696,0.279629138289263,0.203060294284272,0.0716162135275883,0.0159784438031375,0.0719401596690018,0.0177967638119615,0.083345544666241,0.0616485606147895,0.0713222846839634,0.0572931321719254,0.0606270726339834,0.0647564137909333
"rs16881313",0.496437395358015,0.9905264707814,0.5276702867253,0.9905264707814,0.975360373731408,0.498892414570921,0.997955010224942,0.997955010224942,0.997955010224942,0.498892414570921,0.9905264707814,0.497662219267571,0.497662219267571,0.967751208833808,0.497662219267571,0.982958083365692,0.492580015854933,0.97561000600522,0.97561000600522,0.97561000600522,0.508837056699689,0.97561000600522,-0.0956819838049983,-0.107129763706157,-0.0942175627238947,0.952587943714139,0.97561000600522,0.97561000600522,0.508837056699689,0.97561000600522,0.512393183076668,0.97561000600522,0.507461288206269,0.97561000600522,0.508837056699689,0.97561000600522,0.952587943714139,0.126140226337877,0.271615439364389,0.221196398804392,0.267419755336696,0.201138264009974,0.0518507448969826,0.221196398804392,0.206605713157641,0.206605713157641,0.116728406008571,0.201180801812094,0.198668411697942,-0.0771763405633631,0.214653776103116,0.214653776103116,-0.0709992094655754,0.198668411697942,0.2129438047548,0.271506251884712,0.2129438047548,0.198668411697942,0.219830708658568,0.203861821367608,0.20560913267385,0.20560913267385,0.20560913267385,-0.0986259878698924,0.203861821367608,0.203861821367608,0.219830708658568,0.219830708658568,0.219830708658568,0.219830708658568,0.203861821367608,0.203861821367608,0.20560913267385,0.212667656134003,0.219830708658568,0.219830708658568,0.219830708658568,0.223322474578584,0.204718221592123,0.0166820310995801,0.283747419259737,0.0313811948268747,0.0313811948268747,0.283747419259737,0.0101497114521064,-0.132609233761604,0.0101497114521064,0.267419755336696,0.279629138289263,0.203060294284272,0.0716162135275883,0.0159784438031375,0.0719401596690018,0.0177967638119615,0.083345544666241,0.0616485606147895,0.0713222846839634,0.0572931321719254,0.0606270726339834,0.0647564137909333
"rs2171707",0.992618003724829,0.491711979363054,0.910764754605517,0.491711979363054,0.484638338759485,0.99795501022494,0.498892414570921,0.498892414570921,0.498892414570921,0.99795501022494,0.500628327414693,0.995281144024088,0.995281144024088,0.486390805364884,0.995281144024088,0.489927970140658,0.992582030764314,0.482795631311416,0.482795631311416,0.482795631311416,0.901714635669264,0.482795631311416,0.571571769507582,0.701065707400145,0.569577138890137,0.468263058417479,0.482795631311416,0.482795631311416,0.901714635669264,0.482795631311416,0.901742322957463,0.482795631311416,0.904253070579351,0.482795631311416,0.901714635669264,0.482795631311416,0.468263058417479,0.273331895484888,0.183480597109428,0.108045847964567,0.182344383288251,0.0958647501429932,0.368306187823509,0.114512729195249,0.0996667973029425,0.0996667973029425,0.0426486994225331,0.151937806990876,0.142628772198601,0.185021500560839,0.153617787684829,0.153617787684829,-0.150959617462212,0.142628772198601,0.156506156404591,0.188535255506003,0.156506156404591,0.142628772198601,0.138675396159964,0.127512274878576,0.130877979811585,0.130877979811585,0.130877979811585,-0.149040735041036,0.127512274878576,0.127512274878576,0.138675396159964,0.138675396159964,0.138675396159964,0.138675396159964,0.127512274878576,0.127512274878576,0.130877979811585,0.130461082362755,0.138675396159964,0.138675396159964,0.138675396159964,0.139103269339212,0.154537200945805,-0.199911899301787,0.192104278584656,0.0404185009805924,0.0404185009805924,0.192104278584656,0.0258646270003142,0.244162970177051,0.0258646270003142,0.182344383288251,0.195641545057671,0.157400787843944,0.313656156059989,-0.0496008493751675,0.310688274129288,-0.0535168710399941,0.245669536335621,0.308677458739171,0.232046189330802,0.229192889839993,0.295645590467656,0.255870584566425
"rs6996166",0.498150348687957,0.983118575833613,0.529957643373683,0.983118575833613,0.968111210189726,0.500628327414693,0.9905264707814,0.9905264707814,0.9905264707814,0.500628327414693,0.997955010224954,0.499386643326103,0.499386643326103,0.975605308493637,0.499386643326103,0.9905264707814,0.494373682158172,0.983118575833613,0.983118575833613,0.983118575833613,0.510998751624553,0.983118575833613,-0.0978570064808275,-0.109981816091205,-0.0963829467515114,0.960523397901408,0.983118575833613,0.983118575833613,0.510998751624553,0.983118575833613,0.514469543568187,0.983118575833613,0.509610740260191,0.983118575833613,0.510998751624553,0.983118575833613,0.960523397901408,0.133253252833465,0.268040930923431,0.216598796070393,0.263925917501273,0.196621286504255,0.0457917507313779,0.216598796070393,0.202110886709819,0.202110886709819,0.120998225885294,0.196554786527655,0.194201101113401,-0.0782183426549291,0.210091666046338,0.210091666046338,-0.0739367703525621,0.194201101113401,0.208373899465964,0.268010058502421,0.208373899465964,0.194201101113401,0.215291651635127,0.199417581069846,0.201172472105089,0.201172472105089,0.201172472105089,-0.0867355775205321,0.199417581069846,0.199417581069846,0.215291651635127,0.215291651635127,0.215291651635127,0.215291651635127,0.199417581069846,0.199417581069846,0.201172472105089,0.208159204565864,0.215291651635127,0.215291651635127,0.215291651635127,0.218798507848545,0.20014918532629,0.0100022563342229,0.280165979620075,0.0285970866865492,0.0285970866865492,0.280165979620075,0.00751451374088989,-0.134823735014332,0.00751451374088989,0.263925917501273,0.276050318295968,0.198483170735967,0.0661650481241234,0.013157930163103,0.0678326418465354,0.0149839781923311,0.0777238956224609,0.0576203459792806,0.0657930938215266,0.051899647097076,0.056563082729977,0.0658161277457064
"rs10088693",0.995280938897742,0.490470001540349,0.91387091760098,0.490470001540349,0.483442621991811,0.995281144024088,0.497662219267571,0.497662219267571,0.497662219267571,0.995281144024088,0.499386643326103,0.997955010224956,0.997955010224956,0.48518344350626,0.997955010224956,0.488697479518737,0.99528103487409,0.481553359754594,0.481553359754594,0.481553359754594,0.899197167536558,0.481553359754594,0.569974893038644,0.699029291329086,0.56799071151144,0.467055099370667,0.481553359754594,0.481553359754594,0.899197167536558,0.481553359754594,0.899217718744885,0.481553359754594,0.901724965628539,0.481553359754594,0.899197167536558,0.481553359754594,0.467055099370667,0.268678368602917,0.182214196066384,0.105999510396484,0.181112898614687,0.0938017895340291,0.364844080245552,0.112466604667711,0.0976349043739787,0.0976349043739787,0.0401628293828157,0.149811299478549,0.140589237777013,0.184152502217895,0.151573185765541,0.151573185765541,-0.140535279831117,0.140589237777013,0.154451450950084,0.187315735964906,0.154451450950084,0.140589237777013,0.136660849733201,0.125502853713403,0.1288788590973,0.1288788590973,0.1288788590973,-0.150523362443182,0.125502853713403,0.125502853713403,0.136660849733201,0.136660849733201,0.136660849733201,0.136660849733201,0.125502853713403,0.125502853713403,0.1288788590973,0.128441561916224,0.136660849733201,0.136660849733201,0.136660849733201,0.137109065375754,0.152456429611979,-0.199300499020188,0.190873115434456,0.0388477821711411,0.0388477821711411,0.190873115434456,0.0243144626855805,0.242412509819478,0.0243144626855805,0.181112898614687,0.194398793486524,0.155309904452685,0.310621284467925,-0.0512460792779419,0.3084618765153,-0.0551517222868403,0.242567786094553,0.306465470663488,0.228960788455244,0.226143716804701,0.29340837850006,0.252025356295634
"rs931410",0.995280938897742,0.490470001540349,0.91387091760098,0.490470001540349,0.483442621991811,0.995281144024088,0.497662219267571,0.497662219267571,0.497662219267571,0.995281144024088,0.499386643326103,0.997955010224956,0.997955010224956,0.48518344350626,0.997955010224956,0.488697479518737,0.99528103487409,0.481553359754594,0.481553359754594,0.481553359754594,0.899197167536558,0.481553359754594,0.569974893038644,0.699029291329086,0.56799071151144,0.467055099370667,0.481553359754594,0.481553359754594,0.899197167536558,0.481553359754594,0.899217718744885,0.481553359754594,0.901724965628539,0.481553359754594,0.899197167536558,0.481553359754594,0.467055099370667,0.268678368602917,0.182214196066384,0.105999510396484,0.181112898614687,0.0938017895340291,0.364844080245552,0.112466604667711,0.0976349043739787,0.0976349043739787,0.0401628293828157,0.149811299478549,0.140589237777013,0.184152502217895,0.151573185765541,0.151573185765541,-0.140535279831117,0.140589237777013,0.154451450950084,0.187315735964906,0.154451450950084,0.140589237777013,0.136660849733201,0.125502853713403,0.1288788590973,0.1288788590973,0.1288788590973,-0.150523362443182,0.125502853713403,0.125502853713403,0.136660849733201,0.136660849733201,0.136660849733201,0.136660849733201,0.125502853713403,0.125502853713403,0.1288788590973,0.128441561916224,0.136660849733201,0.136660849733201,0.136660849733201,0.137109065375754,0.152456429611979,-0.199300499020188,0.190873115434456,0.0388477821711411,0.0388477821711411,0.190873115434456,0.0243144626855805,0.242412509819478,0.0243144626855805,0.181112898614687,0.194398793486524,0.155309904452685,0.310621284467925,-0.0512460792779419,0.3084618765153,-0.0551517222868403,0.242567786094553,0.306465470663488,0.228960788455244,0.226143716804701,0.29340837850006,0.252025356295634
"rs6469329",0.483981317738842,0.960523397901408,0.513658235011367,0.960523397901408,0.990277534673572,0.486390805364884,0.967751208833808,0.967751208833808,0.967751208833808,0.486390805364884,0.975605308493637,0.48518344350626,0.48518344350626,0.99795501022495,0.48518344350626,0.967751208833808,0.479910766497862,0.960523397901408,0.960523397901408,0.960523397901408,0.504535491820131,0.960523397901408,-0.0912775197984401,-0.10135093704614,-0.0898324262852303,0.982623561905754,0.960523397901408,0.960523397901408,0.504535491820131,0.960523397901408,0.508265763316679,0.960523397901408,0.503184361781711,0.960523397901408,0.504535491820131,0.960523397901408,0.982623561905754,0.127506988201293,0.262740975396797,0.197768338658484,0.258063347716558,0.188308142997795,0.0238194260326669,0.186829675882328,0.19363310163855,0.19363310163855,0.11725305543515,0.168895056169313,0.186519284656001,-0.0750720152290293,0.181849116961566,0.181849116961566,-0.0755468496812767,0.186519284656001,0.180206392839328,0.262044219875928,0.180206392839328,0.186519284656001,0.186820053497845,0.191582343995574,0.193285555252944,0.193285555252944,0.193285555252944,-0.0806722762268455,0.191582343995574,0.191582343995574,0.186820053497845,0.186820053497845,0.186820053497845,0.186820053497845,0.191582343995574,0.191582343995574,0.193285555252944,0.189886981979426,0.186820053497845,0.186820053497845,0.186820053497845,0.190170861367658,0.172472998368868,0.0225210881312978,0.258063347716558,0.0120422892843654,0.0120422892843654,0.258063347716558,0.0155091703863499,-0.128131281350871,0.0155091703863499,0.258063347716558,0.254155730146796,0.170877944150519,0.048209017496001,0.0217157362959396,0.0603049219545049,0.0235186781477869,0.0594336474441737,0.0499796427905532,0.0558349864985563,0.0415622218903726,0.0489170147161672,0.0467165267255395
"rs6469330",0.995280938897742,0.490470001540349,0.91387091760098,0.490470001540349,0.483442621991811,0.995281144024088,0.497662219267571,0.497662219267571,0.497662219267571,0.995281144024088,0.499386643326103,0.997955010224956,0.997955010224956,0.48518344350626,0.997955010224956,0.488697479518737,0.99528103487409,0.481553359754594,0.481553359754594,0.481553359754594,0.899197167536558,0.481553359754594,0.569974893038644,0.699029291329086,0.56799071151144,0.467055099370667,0.481553359754594,0.481553359754594,0.899197167536558,0.481553359754594,0.899217718744885,0.481553359754594,0.901724965628539,0.481553359754594,0.899197167536558,0.481553359754594,0.467055099370667,0.268678368602917,0.182214196066384,0.105999510396484,0.181112898614687,0.0938017895340291,0.364844080245552,0.112466604667711,0.0976349043739787,0.0976349043739787,0.0401628293828157,0.149811299478549,0.140589237777013,0.184152502217895,0.151573185765541,0.151573185765541,-0.140535279831117,0.140589237777013,0.154451450950084,0.187315735964906,0.154451450950084,0.140589237777013,0.136660849733201,0.125502853713403,0.1288788590973,0.1288788590973,0.1288788590973,-0.150523362443182,0.125502853713403,0.125502853713403,0.136660849733201,0.136660849733201,0.136660849733201,0.136660849733201,0.125502853713403,0.125502853713403,0.1288788590973,0.128441561916224,0.136660849733201,0.136660849733201,0.136660849733201,0.137109065375754,0.152456429611979,-0.199300499020188,0.190873115434456,0.0388477821711411,0.0388477821711411,0.190873115434456,0.0243144626855805,0.242412509819478,0.0243144626855805,0.181112898614687,0.194398793486524,0.155309904452685,0.310621284467925,-0.0512460792779419,0.3084618765153,-0.0551517222868403,0.242567786094553,0.306465470663488,0.228960788455244,0.226143716804701,0.29340837850006,0.252025356295634
"rs11991405",0.487472261805682,0.97561000600522,0.5276702867253,0.97561000600522,0.960111109967151,0.489927970140658,0.982958083365692,0.982958083365692,0.982958083365692,0.489927970140658,0.9905264707814,0.488697479518737,0.488697479518737,0.967751208833808,0.488697479518737,0.997955010224943,0.492580015854933,0.9905264707814,0.9905264707814,0.9905264707814,0.508837056699689,0.9905264707814,-0.0956819838049983,-0.117725729412531,-0.0942175627238947,0.967751208833808,0.9905264707814,0.9905264707814,0.508837056699689,0.9905264707814,0.512393183076668,0.9905264707814,0.507461288206269,0.9905264707814,0.508837056699689,0.9905264707814,0.967751208833808,0.126140226337877,0.271615439364389,0.221196398804392,0.267419755336695,0.201138264009974,0.0518507448969826,0.221196398804392,0.206605713157641,0.206605713157641,0.125811822707837,0.201180801812094,0.198668411697942,-0.0771763405633631,0.214653776103116,0.214653776103116,-0.0709992094655755,0.198668411697942,0.2129438047548,0.271506251884712,0.2129438047548,0.198668411697942,0.219830708658568,0.203861821367608,0.205609132673851,0.205609132673851,0.205609132673851,-0.0847314018519211,0.203861821367608,0.203861821367608,0.219830708658568,0.219830708658568,0.219830708658568,0.219830708658568,0.203861821367608,0.203861821367608,0.205609132673851,0.212667656134002,0.219830708658568,0.219830708658568,0.219830708658568,0.223322474578584,0.204718221592123,0.00136275747010657,0.283747419259737,0.0313811948268746,0.0313811948268746,0.283747419259737,0.0101497114521064,-0.132609233761604,0.0101497114521064,0.267419755336695,0.279629138289263,0.203060294284272,0.0716162135275882,0.0159784438031374,0.0719401596690017,0.0177967638119614,0.083345544666241,0.0616485606147896,0.0713222846839634,0.0572931321719253,0.0606270726339835,0.072617855286407
"rs11785408",0.992603241968622,0.485409068720439,0.915694846193203,0.485409068720439,0.478097129419318,0.992582030764314,0.492580015854933,0.492580015854933,0.492580015854933,0.992582030764314,0.494373682158172,0.99528103487409,0.99528103487409,0.479910766497862,0.99528103487409,0.492580015854933,0.997955010224944,0.485409068720439,0.485409068720439,0.485409068720439,0.901079133936408,0.485409068720439,0.574665764041699,0.698492623780752,0.572660336221594,0.470797829063199,0.485409068720439,0.485409068720439,0.901079133936408,0.485409068720439,0.901139828926499,0.485409068720439,0.903632389137099,0.485409068720439,0.901079133936408,0.485409068720439,0.470797829063199,0.26541703445334,0.184473802153583,0.108630714609265,0.183331437854831,0.0963836788738714,0.370299878542329,0.115132601934103,0.100206307024274,0.100206307024274,0.0428795625440864,0.152760266687862,0.143400840843575,0.186023046721739,0.154449341342296,0.154449341342296,-0.139286232367449,0.143400840843575,0.157353345188754,0.189555822092987,0.157353345188754,0.143400840843575,0.139426064651,0.128202515899134,0.131586439843685,0.131586439843685,0.131586439843685,-0.149847512499577,0.128202515899134,0.128202515899134,0.139426064651,0.139426064651,0.139426064651,0.139426064651,0.128202515899134,0.128202515899134,0.131586439843685,0.131167285673132,0.139426064651,0.139426064651,0.139426064651,0.139856253965068,0.155373731510383,-0.205597397508552,0.193144164771536,0.0406372917393078,0.0406372917393078,0.193144164771536,0.0260046356900975,0.245484657033298,0.0260046356900975,0.183331437854831,0.196700578941683,0.158252819387898,0.315354018838054,-0.0498693454154572,0.312370071364998,-0.0538065650299948,0.246999378436247,0.310348371161884,0.23330228642963,0.23043354164656,0.297245959642167,0.257255646307264
"rs1546013",0.480316281735149,0.968282141442272,0.520653130677657,0.968282141442272,0.952943762356111,0.482795631311416,0.97561000600522,0.97561000600522,0.97561000600522,0.482795631311416,0.983118575833613,0.481553359754594,0.481553359754594,0.960523397901408,0.481553359754594,0.9905264707814,0.485409068720439,0.997955010224954,0.997955010224954,0.997955010224954,0.510998751624553,0.997955010224954,-0.0978570064808275,-0.120520931918875,-0.0963829467515114,0.975605308493637,0.997955010224954,0.997955010224954,0.510998751624553,0.997955010224954,0.514469543568187,0.997955010224954,0.509610740260191,0.997955010224954,0.510998751624553,0.997955010224954,0.975605308493637,0.133253252833465,0.268040930923431,0.216598796070393,0.263925917501273,0.196621286504255,0.0537322351667126,0.216598796070393,0.202110886709819,0.202110886709819,0.120998225885294,0.206816935856293,0.194201101113401,-0.0782183426549291,0.210091666046338,0.210091666046338,-0.0739367703525621,0.194201101113401,0.208373899465964,0.268010058502421,0.208373899465964,0.194201101113401,0.215291651635127,0.199417581069846,0.201172472105089,0.201172472105089,0.201172472105089,-0.0867355775205321,0.199417581069846,0.199417581069846,0.215291651635127,0.215291651635127,0.215291651635127,0.215291651635127,0.199417581069846,0.199417581069846,0.201172472105089,0.208159204565865,0.215291651635127,0.215291651635127,0.215291651635127,0.218798507848545,0.20014918532629,-0.00523482574501367,0.280165979620075,0.0285970866865492,0.0285970866865492,0.280165979620075,0.00751451374088989,-0.123645571836643,0.00751451374088989,0.263925917501273,0.276050318295968,0.198483170735967,0.074650416215573,0.013157930163103,0.0776695819007926,0.0149839781923311,0.086419156423052,0.0673936200631755,0.0745619198991299,0.0606570409654233,0.0663922751446744,0.0814546537260998
"rs4448249",0.480316281735149,0.968282141442272,0.520653130677657,0.968282141442272,0.952943762356111,0.482795631311416,0.97561000600522,0.97561000600522,0.97561000600522,0.482795631311416,0.983118575833613,0.481553359754594,0.481553359754594,0.960523397901408,0.481553359754594,0.9905264707814,0.485409068720439,0.997955010224954,0.997955010224954,0.997955010224954,0.510998751624553,0.997955010224954,-0.0978570064808275,-0.120520931918875,-0.0963829467515114,0.975605308493637,0.997955010224954,0.997955010224954,0.510998751624553,0.997955010224954,0.514469543568187,0.997955010224954,0.509610740260191,0.997955010224954,0.510998751624553,0.997955010224954,0.975605308493637,0.133253252833465,0.268040930923431,0.216598796070393,0.263925917501273,0.196621286504255,0.0537322351667126,0.216598796070393,0.202110886709819,0.202110886709819,0.120998225885294,0.206816935856293,0.194201101113401,-0.0782183426549291,0.210091666046338,0.210091666046338,-0.0739367703525621,0.194201101113401,0.208373899465964,0.268010058502421,0.208373899465964,0.194201101113401,0.215291651635127,0.199417581069846,0.201172472105089,0.201172472105089,0.201172472105089,-0.0867355775205321,0.199417581069846,0.199417581069846,0.215291651635127,0.215291651635127,0.215291651635127,0.215291651635127,0.199417581069846,0.199417581069846,0.201172472105089,0.208159204565865,0.215291651635127,0.215291651635127,0.215291651635127,0.218798507848545,0.20014918532629,-0.00523482574501367,0.280165979620075,0.0285970866865492,0.0285970866865492,0.280165979620075,0.00751451374088989,-0.123645571836643,0.00751451374088989,0.263925917501273,0.276050318295968,0.198483170735967,0.074650416215573,0.013157930163103,0.0776695819007926,0.0149839781923311,0.086419156423052,0.0673936200631755,0.0745619198991299,0.0606570409654233,0.0663922751446744,0.0814546537260998
"rs1489354",0.480316281735149,0.968282141442272,0.520653130677657,0.968282141442272,0.952943762356111,0.482795631311416,0.97561000600522,0.97561000600522,0.97561000600522,0.482795631311416,0.983118575833613,0.481553359754594,0.481553359754594,0.960523397901408,0.481553359754594,0.9905264707814,0.485409068720439,0.997955010224954,0.997955010224954,0.997955010224954,0.510998751624553,0.997955010224954,-0.0978570064808275,-0.120520931918875,-0.0963829467515114,0.975605308493637,0.997955010224954,0.997955010224954,0.510998751624553,0.997955010224954,0.514469543568187,0.997955010224954,0.509610740260191,0.997955010224954,0.510998751624553,0.997955010224954,0.975605308493637,0.133253252833465,0.268040930923431,0.216598796070393,0.263925917501273,0.196621286504255,0.0537322351667126,0.216598796070393,0.202110886709819,0.202110886709819,0.120998225885294,0.206816935856293,0.194201101113401,-0.0782183426549291,0.210091666046338,0.210091666046338,-0.0739367703525621,0.194201101113401,0.208373899465964,0.268010058502421,0.208373899465964,0.194201101113401,0.215291651635127,0.199417581069846,0.201172472105089,0.201172472105089,0.201172472105089,-0.0867355775205321,0.199417581069846,0.199417581069846,0.215291651635127,0.215291651635127,0.215291651635127,0.215291651635127,0.199417581069846,0.199417581069846,0.201172472105089,0.208159204565865,0.215291651635127,0.215291651635127,0.215291651635127,0.218798507848545,0.20014918532629,-0.00523482574501367,0.280165979620075,0.0285970866865492,0.0285970866865492,0.280165979620075,0.00751451374088989,-0.123645571836643,0.00751451374088989,0.263925917501273,0.276050318295968,0.198483170735967,0.074650416215573,0.013157930163103,0.0776695819007926,0.0149839781923311,0.086419156423052,0.0673936200631755,0.0745619198991299,0.0606570409654233,0.0663922751446744,0.0814546537260998
"rs10113434",0.896689382011213,0.501868772833059,0.81233330282381,0.501868772833059,0.502396105610147,0.901714635669264,0.508837056699689,0.508837056699689,0.508837056699689,0.901714635669264,0.510998751624553,0.899197167536558,0.899197167536558,0.504535491820131,0.899197167536558,0.508837056699689,0.901079133936408,0.510998751624553,0.510998751624553,0.510998751624553,0.997955010224941,0.510998751624553,0.610648964157224,0.785980643747597,0.61609581997916,0.504535491820131,0.510998751624553,0.510998751624553,0.997955010224941,0.510998751624553,0.992410758456864,0.510998751624553,0.99515213981057,0.510998751624553,0.997955010224941,0.510998751624553,0.504535491820131,0.356227015428317,0.262943179507505,0.159235234530512,0.262023929554056,0.153821108865666,0.438505129322212,0.165857058638466,0.157140198814236,0.157140198814236,0.08348679106713,0.205543444224246,0.200783737644528,0.221067599551739,0.205646748388485,0.205646748388485,-0.170978494896123,0.200783737644528,0.208805348616525,0.26845874853943,0.208805348616525,0.200783737644528,0.189744999077509,0.184729276513777,0.187984516236081,0.187984516236081,0.187984516236081,-0.15636826306139,0.184729276513777,0.184729276513777,0.189744999077509,0.189744999077509,0.189744999077509,0.189744999077509,0.184729276513777,0.184729276513777,0.187984516236081,0.18794024913896,0.189744999077509,0.189744999077509,0.189744999077509,0.189783615523767,0.200955187198013,-0.217357113208499,0.262023929554056,0.0433061190648196,0.0433061190648196,0.262023929554056,0.0354058579192344,0.29290329440869,0.0354058579192344,0.262023929554056,0.265623229672672,0.204096395820047,0.388754134116737,-0.040421835328914,0.394202168710995,-0.0447183633397648,0.320591465172885,0.391650840406497,0.311739100249312,0.308059549820778,0.378986545821312,0.292800449741071
